ID   RA(J2000)  raerr  DEC(J2000) decerr  nobs    V     B-V    U-B    V-R    R-I    verr   bverr  uberr  vrerr  rierr  GCVS ID
01  132.799179  0.145   11.756206  0.109   16   10.016  0.029 -0.472 -0.038 -0.031  0.018  0.085  0.074  0.014  0.018
02  132.821344  0.186   11.804549  0.102   17   10.289  1.266  1.358  0.663  0.562  0.015  0.018  0.031  0.014  0.015
03  132.845119  0.144   11.800557  0.104   17   10.453  1.109  1.018  0.568  0.498  0.012  0.014  0.026  0.008  0.011
04  132.861935  0.148   11.811315  0.108   17   10.489  0.576  0.051  0.340  0.327  0.013  0.010  0.017  0.008  0.013
05  132.802987  0.146   11.878504  0.104   15   10.526  1.094  1.000  0.564  0.489  0.014  0.016  0.025  0.011  0.010
06  132.870902  0.145   11.842597  0.102   17   10.534  1.123  1.043  0.583  0.513  0.012  0.014  0.025  0.008  0.010
07  132.931570  0.154   11.740761  0.118   17   10.762  1.137  1.103  0.578  0.528  0.016  0.012  0.024  0.011  0.012
08  132.809956  0.139   11.750341  0.106   17   10.899  0.436  0.062  0.268  0.252  0.025  0.014  0.019  0.012  0.014  NSV 18048
09  132.893091  0.145   11.852981  0.104   17   10.927  0.243  0.112  0.142  0.154  0.013  0.009  0.018  0.009  0.010  EX Cnc
10  132.862659  0.143   11.864667  0.096   17   10.946  0.097  0.073  0.044  0.056  0.017  0.010  0.020  0.010  0.011
11  132.885920  0.145   11.814540  0.109   17   11.063  0.221  0.131  0.116  0.127  0.017  0.009  0.019  0.010  0.012
12  132.821106  0.143   11.846304  0.096   17   11.132  1.090  0.968  0.573  0.499  0.014  0.012  0.025  0.010  0.013
13  132.860242  0.141   11.730831  0.111   17   11.262  0.130  0.082  0.048  0.070  0.015  0.011  0.019  0.007  0.014
14  132.926626  0.155   11.856478  0.109   17   11.267  1.076  0.962  0.571  0.508  0.011  0.012  0.028  0.011  0.013
15  132.840744  0.149   11.877244  0.104   15   11.306  0.607  0.146  0.359  0.335  0.013  0.014  0.017  0.011  0.009
16  132.764746  0.133   11.750831  0.099   17   11.313  0.292  0.121  0.163  0.162  0.017  0.012  0.019  0.013  0.014
17  132.839951  0.140   11.768455  0.109   17   11.427  1.074  0.960  0.560  0.492  0.014  0.011  0.026  0.008  0.012
18  132.849166  0.147   11.830434  0.100   17   11.485  0.885  0.519  0.488  0.440  0.024  0.012  0.020  0.007  0.011 NSV 18062
19  132.937934  0.155   11.796177  0.121   17   11.494  1.052  0.901  0.554  0.499  0.011  0.013  0.022  0.008  0.010
20  132.782656  0.129   11.802645  0.096   17   11.544  0.406 -0.039  0.251  0.243  0.013  0.010  0.018  0.009  0.011
21  132.926532  0.152   11.835538  0.112   17   11.637  1.050  0.909  0.556  0.499  0.011  0.013  0.025  0.010  0.013
22  132.877082  0.136   11.816020  0.231   17   11.833  0.886  0.707  0.504  0.462  0.057  0.018 -9.999  0.013  0.016 Var?
23  132.833043  0.142   11.783526  0.108   17   12.116  0.457  0.021  0.281  0.269  0.012  0.009  0.020  0.008  0.012
24  132.914222  0.155   11.862751  0.108   17   12.139  1.000  0.801  0.537  0.477  0.011  0.012  0.023  0.013  0.012
25  132.806796  0.143   11.843961  0.097   17   12.213  0.671  0.171  0.384  0.352  0.012  0.011  0.014  0.008  0.009
26  132.885851  0.141   11.844686  0.101   17   12.238  0.249  0.064  0.145  0.155  0.016  0.009  0.018  0.009  0.012  EW Cnc
27  132.913576  0.152   11.834474  0.107   17   12.247  0.563  0.067  0.332  0.325  0.013  0.010  0.015  0.008  0.013
28  132.838534  0.143   11.764721  0.107   17   12.253  0.571  0.072  0.336  0.320  0.014  0.010  0.017  0.011  0.009
29  132.785038  0.139   11.786758  0.093   17   12.380  0.981  0.765  0.520  0.452  0.014  0.012  0.025  0.008  0.015
30  132.819685  0.162   11.758237  0.105   17   12.391  0.745  0.270  0.427  0.394  0.012  0.012  0.017  0.010  0.014
31  132.927937  0.150   11.776905  0.129   17   12.411  0.562 -0.060  0.342  0.353  0.011  0.010  0.017  0.008  0.008
32  132.829347  0.131   11.834994  0.093   18   12.538  0.587  0.078  0.349  0.324  0.017  0.010  0.030  0.009  0.009
33  132.855825  0.131   11.792925  0.097   18   12.540  0.590  0.100  0.347  0.334  0.018  0.010  0.026  0.009  0.015
34  132.926998  0.138   11.831179  0.104   18   12.561  0.579  0.078  0.344  0.339  0.017  0.011  0.027  0.012  0.009
35  132.827969  0.126   11.784151  0.096   18   12.580  0.781  0.294  0.462  0.419  0.023  0.011  0.031  0.010  0.014  HW Cnc
36  132.905977  0.134   11.834878  0.093   18   12.589  0.581  0.102  0.348  0.332  0.019  0.009  0.027  0.009  0.009
37  132.880267  0.128   11.764142  0.103   18   12.622  0.569  0.050  0.335  0.334  0.020  0.011  0.027  0.007  0.011
38  132.885303  0.133   11.797958  0.103   18   12.629  0.613  0.123  0.357  0.347  0.019  0.011  0.028  0.009  0.007
39  132.884072  0.130   11.834416  0.096   18   12.633  0.582  0.100  0.343  0.328  0.018  0.011  0.028  0.008  0.011
40  132.827365  0.134   11.822705  0.090   18   12.640  0.606  0.119  0.355  0.325  0.019  0.012  0.026  0.010  0.010
42  132.763671  0.119   11.763220  0.089   18   12.652  0.612  0.133  0.353  0.324  0.019  0.013  0.027  0.010  0.012
41  132.756562  0.121   11.826251  0.083   18   12.653  0.618  0.125  0.355  0.322  0.018  0.009  0.030  0.008  0.013
43  132.814463  0.130   11.792138  0.089   18   12.665  0.502  0.033  0.298  0.275  0.018  0.011  0.026  0.009  0.009
44  132.870125  0.133   11.866722  0.088   18   12.672  0.667  0.190  0.387  0.358  0.018  0.010  0.030  0.010  0.011
45  132.900157  0.131   11.776074  0.108   18   12.683  0.694  0.197  0.396  0.380  0.016  0.009  0.029  0.009  0.008  NSV 18065
46  132.845584  0.134   11.813799  0.094   18   12.691  0.558  0.041  0.330  0.317  0.018  0.010  0.026  0.007  0.013
47  132.877514  0.129   11.820411  0.095   18   12.692  0.588  0.105  0.348  0.334  0.019  0.010  0.029  0.012  0.009
48  132.924889  0.141   11.727077  0.107   18   12.707  0.571  0.050  0.329  0.330  0.018  0.011  0.028  0.012  0.008
49  132.825073  0.129   11.765126  0.096   18   12.724  0.560  0.066  0.332  0.312  0.020  0.010  0.028  0.012  0.010  HV Cnc
50  132.754518  0.123   11.836415  0.085   18   12.731  0.737  0.279  0.420  0.366  0.016  0.009  0.031  0.008  0.013
51  132.885121  0.132   11.800410  0.102   18   12.752  0.818  0.422  0.450  0.413  0.020  0.011  0.034  0.010  0.009
52  132.833954  0.132   11.778332  0.097   18   12.761  0.554  0.054  0.327  0.316  0.020  0.010  0.029  0.008  0.008  NSV 18058
53  132.933480  0.139   11.773556  0.109   18   12.772  0.742  0.282  0.408  0.392  0.018  0.011  0.033  0.007  0.008
54  132.814043  0.130   11.837380  0.092   18   12.790  0.560  0.078  0.331  0.310  0.017  0.010  0.028  0.009  0.013
55  132.867390  0.131   11.824374  0.097   18   12.796  0.461 -0.020  0.298  0.301  0.044  0.010  0.029  0.009  0.011  EV Cnc
56  132.789710  0.096   11.695902  0.079   15   12.811  0.730  0.308  0.401  0.378  0.023  0.019  0.043  0.011  0.014
57  132.850471  0.133   11.806161  0.097   18   12.815  0.572  0.067  0.337  0.322  0.018  0.012  0.028  0.011  0.007
58  132.868038  0.130   11.871597  0.089   18   12.819  0.557  0.071  0.337  0.320  0.018  0.012  0.031  0.011  0.013
59  132.811608  0.131   11.790066  0.088   18   12.821  0.558  0.071  0.332  0.302  0.019  0.010  0.028  0.009  0.009
60  132.892945  0.134   11.828924  0.099   18   12.854  0.526  0.038  0.321  0.311  0.019  0.010  0.027  0.009  0.014
61  132.835828  0.131   11.771293  0.100   18   12.891  0.452  0.004  0.274  0.263  0.018  0.010  0.027  0.011  0.016  NSV 18059
62  132.872421  0.129   11.757749  0.104   18   12.906  0.926  0.627  0.495  0.451  0.018  0.011  0.038  0.010  0.013  NSV 18064
63  132.936529  0.141   11.779532  0.110   18   12.958  0.914  0.592  0.488  0.455  0.019  0.013  0.040  0.011  0.010
64  132.815266  0.131   11.849008  0.090   18   12.986  0.849  0.482  0.466  0.411  0.019  0.011  0.033  0.010  0.009
